"""
刷卡資料說明：
  1- 3:機台編號
  4-19:卡片編號
 20-23:刷卡時間-年(YYYY)
 24-25:刷卡時間-月(MM)
 26-27:刷卡時間-日(DD)
 28-29:刷卡時間-時(HH)
 30-31:刷卡時間-分(MM)
 32-33:刷卡時間-秒(SS)
 34-42:刷卡時間-奈秒(sssssssss)

123456789012345678901234567890123456789012
106912211830841675420000717082816963793696
107912211830841675520000717085813963795493
107912211830841675620000717072226963789746
109912211830841675720000717085930963795570
108912211830841675820000717074027963790827
110912211830841675920000717084800963794880
104912211830841676020000717080111963792071
103912211830841676120000717080243963792163
107912211830841676220000717070756963788876
110912211830841676320000717074135963790895
102912211830841676420000717081544963792944
108912211830841676520000717083142963793902
101912211830841676620000717081708963793028
108912211830841676720000717074235963790955
103912211830841676820000717083039963793839
108912211830841676920000717081456963792896
103912211830841677020000717082920963793760
110912211830841677120000717072222963789742
100912211830841677220000717082142963793302
104912211830841677320000717070834963788914
101912211830841677420000717084452963794692
109912211830841677520000717070125963788485
101912211830841677620000717074637963791197
104912211830841677720000717082110963793270
104912211830841677820000717084141963794501
109912211830841677920000717075829963791909
107912211830841678020000717075602963791762
102912211830841678120000717075740963791860
104912211830841678220000717083325963794005
107912211830841678320000717085651963795411
101912211830841678420000717080325963792205
108912211830841678520000717082826963793706
103912211830841678620000717084031963794431
103912211830841678720000717074620963791180
108912211830841678820000717082335963793415
108912211830841678920000717084906963794946
108912211830841679020000717084518963794718
108912211830841679120000717080703963792423
107912211830841679220000717084302963794582
103912211830841679320000717073701963790621
100912211830841679420000717084651963794811
109912211830841679520000717085353963795233
104912211830841679620000717073043963790243
102912211830841679720000717084157963794517
109912211830841679820000717082529963793529
100912211830841679920000717074243963790963
101912211830841680020000717074735963791255
110912211830841680120000717074023963790823
104912211830841680220000717084119963794479
102912211830841680320000717070951963788991
"""

